10 12 12 18 18 16 16 10
11 15 15 17 17 13 13 11
 7 37 37 21 21 54 54 7
 8 40 40 20 20 51 51 8
 9 43 43 19 19 48 48 9

37 39 39 45 45 43 43 37
38 42 42 44 44 40 40 38
30 21 21 12 12 3  3 30
33 24 24 15 15 6  6 33
36 27 27 18 18 9  9 36

46 48 48 54 54 52 52 46
47 51 51 53 53 49 49 47
 1 10 10 19 19 28 28 1 
 4 13 13 22 22 31 31 4 
 7 16 16 25 25 34 34 7 

19 21 21 27 27 25 25 19
20 24 24 26 26 22 22 20
16 43 43 30 30 52 52 16
17 44 44 29 29 53 53 17
18 45 45 28 28 54 54 18

 1 3   3 9   9 7   7 1 
 2 6   6 8   8 4   4 2 
37 10 10 46 46 36 36 37
38 11 11 47 47 35 35 38
39 12 12 48 48 34 34 39

28 30 30 36 36 34 34 28
29 33 33 35 35 31 31 29
25 45 45 3  3 46 46 25
26 42 42 2  2 49 49 26
27 39 39 1  1 52 52 27
